1462168803,0,0,0
1462172404,0,0,0
1462176005,0,0,0
1462179604,0,0,0
1462183203,0,0,0
1462186804,0,0,0
1462190405,0,0,0
1462194005,0,0,0
1462197603,0,0,0
1462201209,0,0,0
1462204804,0,0,0
1462208405,0,0,0
1462212005,0,0,0
1462215605,0,0,0
1462219202,0,0,0
1462222803,0,0,0
1462226404,0,0,0
1462230003,0,0,0
1462233604,0,0,0
1462237204,0,0,0
1462240804,0,0,0
1462244404,0,0,0
1462248003,0,0,0
1462251604,0,0,0
1462255203,0,0,0
1462258804,0,0,0
1462262404,0,0,0
1462266005,0,0,0
1462269604,0,0,0
1462273205,0,0,0
1462276804,0,0,0
1462280404,0,0,0
1462284005,0,0,0
1462287618,0,0,0
1462291203,0,0,0
1462294803,0,0,0
1462298407,0,0,0
1462302003,0,0,0
1462305608,0,0,0
1462309206,0,0,0
1462312805,0,0,0
1462316403,0,0,0
1462320003,0,0,0
1462323604,0,0,0
1462327204,0,0,0
1462330804,0,0,0
1462334404,0,0,0
1462338003,0,0,0
1462341604,0,0,0
1462345203,0,0,0
1462348805,0,0,0
1462352404,0,0,0
1462356004,0,0,0
1462359605,0,0,0
1462363203,0,0,0
1462366805,0,0,0
1462370403,0,0,0
1462374005,0,0,0
1462377605,0,0,0
1462381205,0,0,0
1462384804,0,0,0
1462388403,0,0,0
1462392004,0,0,0
1462395604,0,0,0
1462399204,0,0,0
1462402803,0,0,0
1462406404,0,0,0
1462410003,0,0,0
1462413603,0,0,0
1462417203,0,0,0
1462420804,0,0,0
1462424404,0,0,0
1462428004,0,0,0
1462431604,0,0,0
1462435203,0,0,0
1462438804,0,0,0
1462442404,0,0,0
1462446006,0,0,0
1462449604,0,0,0
1462453204,0,0,0
1462456805,0,0,0
1462460405,0,0,0
1462464004,0,0,0
1462467608,0,0,0
1462471204,0,0,0
1462474803,0,0,0
1462478404,0,0,0
1462482004,0,0,0
1462485604,0,0,0
1462489203,0,0,0
1462492804,0,0,0
1462496405,0,0,0
1462500003,0,0,0
1462503603,0,0,0
1462507204,0,0,0
1462510804,0,0,0
1462514404,0,0,0
1462518005,0,0,0
1462521604,0,0,0
1462525204,0,0,0
1462528803,0,0,0
1462532404,0,0,0
1462536003,0,0,0
1462539603,0,0,0
1462543204,0,0,0
1462546803,0,0,0
1462550404,0,0,0
1462554005,0,0,0
1462557604,0,0,0
1462561204,0,0,0
1462564806,0,0,0
1462568406,0,0,0
1462572004,0,0,0
1462575603,0,0,0
1462579204,0,0,0
1462582803,0,0,0
1462586404,0,0,0
1462590004,0,0,0
1462593604,0,0,0
1462597205,0,0,0
1462600803,0,0,0
1462604405,0,0,0
1462608006,0,0,0
1462611604,0,0,0
1462615204,0,0,0
1462618804,0,0,0
1462622404,0,0,0
1462626003,0,0,0
1462629603,0,0,0
1462633206,0,0,0
1462636805,0,0,0
1462640404,0,0,0
1462644004,0,0,0
1462647605,0,0,0
1462651203,0,0,0
1462654803,0,0,0
1462658403,0,0,0
1462662003,0,0,0
1462665604,0,0,0
1462669203,0,0,0
1462672803,0,0,0
1462676403,0,0,0
1462680004,0,0,0
1462683604,0,0,0
1462687203,0,0,0
1462690805,0,0,0
1462694403,0,0,0
1462698003,0,0,0
1462701603,0,0,0
1462705204,0,0,0
1462708804,0,0,0
1462712404,0,0,0
1462716005,0,0,0
1462719603,0,0,0
1462723204,0,0,0
1462726804,0,0,0
1462730404,0,0,0
1462734004,0,0,0
1462737603,0,0,0
1462741203,0,0,0
1462744804,0,0,0
1462748405,0,0,0
1462752004,0,0,0
1462755604,0,0,0
1462759203,0,0,0
1462762803,0,0,0
1462766403,0,0,0
1462770005,0,0,0
1462773604,0,0,0
1462777203,0,0,0
1462780803,0,0,0
1462784405,0,0,0
1462788003,0,0,0
1462791605,0,0,0
1462795204,0,0,0
1462798803,0,0,0
1462802405,0,0,0
1462806004,0,0,0
1462809605,0,0,0
1462813203,0,0,0
1462816803,0,0,0
1462820405,0,0,0
1462824003,0,0,0
1462827604,0,0,0
1462831204,0,0,0
1462834804,0,0,0
1462838405,0,0,0
1462842003,0,0,0
1462845604,0,0,0
1462849205,0,0,0
1462852804,0,0,0
1462856405,0,0,0
1462860004,0,0,0
1462863604,0,0,0
1462867204,0,0,0
1462870807,0,0,0
1462874405,0,0,0
1462878004,0,0,0
1462881605,0,0,0
1462885205,0,0,0
1462888806,0,0,0
1462892405,0,0,0
1462896006,0,0,0
1462899604,0,0,0
1462903204,0,0,0
1462906804,0,0,0
1462910406,0,0,0
1462914004,0,0,0
1462917604,0,0,0
1462921204,0,0,0
1462924806,0,0,0
1462928404,0,0,0
1462932003,0,0,0
1462935604,0,0,0
1462939203,0,0,0
1462942802,0,0,0
1462946404,0,0,0
1462950004,0,0,0
1462953604,0,0,0
1462957203,0,0,0
1462960803,0,0,0
1462964403,0,0,0
1462968004,0,0,0
1462971604,0,0,0
1462975204,0,0,0
1462978804,0,0,0
1462982406,0,0,0
1462986007,0,0,0
1462989604,0,0,0
1462993204,0,0,0
1462996804,0,0,0
1463000404,0,0,0
1463004003,0,0,0
1463007603,0,0,0
1463011203,0,0,0
1463014803,0,0,0
1463018404,0,0,0
1463022004,0,0,0
1463025604,0,0,0
1463029204,0,0,0
1463032804,0,0,0
1463036403,0,0,0
1463241604,0,0,0
1463245204,0,0,0
1463248803,0,0,0
1463252403,0,0,0
1463256003,0,0,0
1463259604,0,0,0
1463263203,0,0,0
1463266802,0,0,0
1463270405,0,0,0
1463274002,0,0,0
1463277604,0,0,0
1463281203,0,0,0
1463284803,0,0,0
1463288403,0,0,0
1463292003,0,0,0
1463295603,0,0,0
1463299203,0,0,0
1463302804,0,0,0
1463306404,0,0,0
1463310003,0,0,0
1463313603,0,0,0
1463317204,0,0,0
1463320803,0,0,0
1463324403,0,0,0
1463328004,0,0,0
1463331603,0,0,0
1463335203,0,0,0
1463338804,0,0,0
1463342405,0,0,0
1463346004,0,0,0
1463349603,0,0,0
1463353203,0,0,0
1463356804,0,0,0
1463360404,0,0,0
1463364003,0,0,0
1463367603,0,0,0
1463371203,0,0,0
1463374803,0,0,0
1463378402,0,0,0
1463382003,0,0,0
1463385604,0,0,0
1463389203,0,0,0
1463392803,0,0,0
1463396405,0,0,0
1463400003,0,0,0
1463403603,0,0,0
1463407204,0,0,0
1463410805,0,0,0
1463414404,0,0,0
1463418004,0,0,0
1463421603,0,0,0
1463425203,0,0,0
1463428805,0,0,0
1463432405,0,0,0
1463436003,0,0,0
1463439604,0,0,0
1463536803,0,0,0
1463540403,0,0,0
1463544003,0,0,0
1463547604,0,0,0
1463551205,0,0,0
1463554803,0,0,0
1463558403,0,0,0
1463562004,0,0,0
1463565605,0,0,0
1463569204,0,0,0
1463572804,0,0,0
1463576404,0,0,0
1463580004,0,0,0
1463583604,0,0,0
1463587203,0,0,0
1463590806,0,0,0
1463594406,0,0,0
1463598003,0,0,0
1463601605,0,0,0
1463605204,0,0,0
1463608804,0,0,0
1463612404,0,0,0
1463616004,0,0,0
1463619604,0,0,0
1463623203,0,0,0
1463626805,0,0,0
1463630403,0,0,0
1463634003,0,0,0
1463637605,0,0,0
1463641204,0,0,0
1463644804,0,0,0
1463648404,0,0,0
1463652004,0,0,0
1463655605,0,0,0
1463659203,0,0,0
1463662803,0,0,0
1463666404,0,0,0
1463670004,0,0,0
1463673604,0,0,0
1463677203,0,0,0
1463680803,0,0,0
